Agriculture and related industries [120714.0, 7508.0, 6.2, 8562.0, 7.1, 111542.0, 7080.0, 6.3, 8018.0]
Nonagricultural industries [1352.0, 23.0, 1.7, 38.0, 2.8, 1281.0, 21.0, 1.7, 25.0]
Mining, quarrying, and oil and gas extraction [119362.0, 7485.0, 6.3, 8524.0, 7.1, 110260.0, 7059.0, 6.4, 7994.0]
Construction [710.0, 28.0, 4.0, 33.0, 4.7, 656.0, 37.0, 5.6, 43.0]
Manufacturing [8352.0, 1055.0, 12.6, 1133.0, 13.6, 7829.0, 993.0, 12.7, 1050.0]
Wholesale and retail trade [15070.0, 1291.0, 8.6, 1423.0, 9.4, 13887.0, 1181.0, 8.5, 1289.0]
Transportation and utilities [9502.0, 835.0, 8.8, 912.0, 9.6, 8705.0, 754.0, 8.7, 821.0]
Information(3) [5568.0, 455.0, 8.2, 510.0, 9.2, 5182.0, 427.0, 8.2, 468.0]
Financial activities [18113.0, 741.0, 4.1, 863.0, 4.8, 17407.0, 787.0, 4.5, 874.0]
Professional and business services [3186.0, 143.0, 4.5, 160.0, 5.0, 3116.0, 133.0, 4.3, 146.0]
Education and health services [14927.0, 598.0, 4.0, 704.0, 4.7, 14292.0, 655.0, 4.6, 728.0]
Leisure and hospitality [6745.0, 1166.0, 17.3, 1259.0, 18.7, 6441.0, 1135.0, 17.6, 1213.0]
Other services(3) [5659.0, 912.0, 16.1, 997.0, 17.6, 5377.0, 916.0, 17.0, 979.0]
Federal government [1086.0, 254.0, 23.4, 261.0, 24.0, 1064.0, 219.0, 20.6, 234.0]
State government [2352.0, 242.0, 10.3, 263.0, 11.2, 2160.0, 200.0, 9.3, 222.0]
Local government [355.0, 12.0, 3.3, 13.0, 3.8, 338.0, 8.0, 2.4, 9.0]
